322216,
322218,830,1,
322222,420,1,
322225,
322228,623,1,15,1,
322230,
322235,
322237,
322239,1,1,220,1,
322242,
322245,11,1,
322247,
322248,97,1,299,1,791,1,
322251,
322261,
322268,60,1,
322269,420,1,278,1,
322270,
322272,
322274,
322275,768,1,
322276,1,1,
322292,
322293,1,1,
322294,
322297,297,1,1092,1,1181,1,
322298,1,1,
322301,1712,1,
322303,
322307,807,1,
322311,
322313,
322317,1,1,291,1,
322319,81,1,
322320,
322328,29,1,
322329,
322330,
322331,1,1,2,1,
322340,
322341,
322342,
322343,19,1,118,1,
322344,6,1,
322347,470,1,
322351,
322354,
322359,
322363,
322367,
322373,137,1,
322376,
322378,
322387,
322388,566,1,
322390,
322393,
322398,128,1,
322399,
322405,
322410,
322411,297,1,1092,1,1181,1,
322413,
322416,
322418,821,1,
322422,
322423,
322427,
322428,297,1,
322432,47,1,
322435,
322436,104,1,
322440,
322447,
322450,
322455,26,1,
322457,
322458,
322461,
322463,
322470,297,1,1092,1,1181,1,
322473,
322474,11,1,
322476,
322478,
322480,
322487,1,1,
322489,303,1,
322491,
322492,395,1,45,1,
322494,
322495,1690,1,
322497,57,1,
322503,
322507,
322508,
322513,11,1,
322521,
322523,
322525,
322526,1,1,
322533,
322536,1194,1,
322540,
322541,
322542,
322543,1,1,863,1,
322545,
322550,1238,1,
322552,
322554,
322559,18,1,
322560,1,1,265,1,
322564,
322565,610,1,
322568,110,1,
322571,
322572,
322573,
322574,
322578,
322582,
322583,
322590,685,1,
322591,
322592,
322594,356,1,
322599,
322601,
322607,313,1,323,1,
322609,
322610,
322611,
322624,5,1,
322625,
322627,190,1,
322629,
322630,
322633,
322637,
322638,
322641,246,1,
322642,965,1,
322651,
322654,
322655,
322657,358,1,
322658,
322664,
322666,
322671,
322673,
322674,1,1,420,1,
322675,1,1,
322677,
322679,
322687,
322690,1181,1,
322692,
322693,
322698,
322699,
322703,
322706,
322708,266,1,
322709,161,1,
322710,147,1,
322712,
322715,
322717,
322722,549,1,
322723,
322724,
322728,
322729,317,1,
322731,
322732,
322734,
322736,
322738,
322739,
322740,664,1,
322743,269,1,
322747,
322749,85,1,
322753,
322754,
322756,105,1,
322757,
322758,297,1,1092,1,1181,1,
322762,
322765,
322770,
322772,6,1,398,1,
322773,
322774,1754,1,
322777,
322779,
322780,
322782,
322784,1,1,141,1,6,1,
322788,
322793,
322796,1,1,
322800,
322802,
322803,16,1,
322804,5,1,
322809,557,1,
322814,
322815,
322816,
322818,
322820,
322821,115,1,
322822,
322825,
322828,
322829,675,1,
322830,1,1,582,1,
322833,1576,1,297,1,1092,1,1181,1,
322836,
322839,
322846,
322849,
322850,269,1,
322854,
322860,
322861,
322863,
322864,
322865,
322866,1181,1,
322869,
322872,
322878,1,1,
322880,
322881,
322884,
322886,
322887,
322889,
322896,
322903,
322904,
322906,
322907,20,1,5,1,
322909,
322912,
322915,
322916,
322917,
322919,
322921,
322924,103,1,
322930,
322937,80,1,
322941,
322942,
322946,
322947,
322952,
322954,297,1,1092,1,1181,1,
322955,
322956,
322959,514,1,
322960,6,1,
322961,
322962,1,1,
322963,
322969,
322970,
322971,18,1,
322972,
322974,
322975,362,1,
322977,52,1,
322978,
322979,
322980,
322983,
322990,67,1,197,1,
322993,
322997,2,1,175,1,
322999,1728,1,
323003,
323007,
323008,1569,1,
323009,
323011,332,1,1181,1,7,1,
323015,1,1,
323024,
323026,11,1,
323027,124,1,
323029,
323031,
323036,
323038,
323040,
323042,297,1,291,1,1092,1,1181,1,
323043,
323051,470,1,
323053,
323054,1328,1,
323055,
323056,
323058,
323059,1,1,
323060,420,1,
323062,
323065,133,1,
323068,
323069,
323072,175,1,
323074,
323076,
323078,415,1,
323079,315,1,
323080,
323084,
323090,
323091,
323094,329,1,
323100,6,1,
323103,
323104,5,1,
323108,
323111,
323119,
323120,
323126,
323128,420,1,
323130,
323132,
323134,318,1,
323139,
323142,
323144,
323146,1,1,
323154,
323155,
323164,297,1,1092,1,1181,1,
323174,
323175,748,1,143,1,
323179,1017,1,486,1,
323180,1,1,
323181,
323184,
323190,
323194,
323196,
323204,1,1,575,1,
323210,
323213,1,1,
323214,6,1,
323223,140,1,
323234,
323238,
323252,
323253,
323255,
323258,
323264,
323265,258,1,20,1,5,1,
323271,
323274,167,1,863,1,
323275,297,1,1092,1,1181,1,
323280,52,1,239,1,
323281,7,1,
323291,
323294,
323299,
323301,
323303,
323309,26,1,318,1,
323311,
323314,140,1,215,1,
323315,3,1,
323317,
323318,
323320,
323322,
323324,3,1,
323329,
323330,147,1,
323331,
323332,
323334,77,1,
323335,
323339,141,1,
323340,
323343,1,1,
323344,471,1,
323346,
323347,4,1,
323351,1,1,244,1,
323352,457,1,
323353,356,1,
323357,1056,1,420,1,
323361,177,1,
323365,
323366,16,2,13,1,
323370,
323372,
323374,52,1,
323375,
323376,2,1,
323377,420,1,
323383,1181,1,
323385,
323386,
323388,
323391,
323392,1725,1,
323394,171,1,
323397,
323399,
323401,582,1,
323402,
323403,
323406,
323408,
323409,
323410,
323411,
323413,
323414,1181,1,
323415,
323420,
323424,368,1,66,1,
323426,
323427,
323429,1017,1,1703,1,
323437,2,1,6,1,
323438,1,1,18,1,
323440,
323445,
323446,362,1,6,1,
323450,
323452,5,1,
323455,
323459,240,1,299,1,
323462,
323464,
323466,1425,1,7,1,
323467,
323469,
323471,1,1,11,1,
323476,
323477,1,1,
323478,297,1,1092,1,1181,1,
323481,
323482,
323484,42,1,
323488,
323490,
323501,
323509,
323510,
323512,
323515,
323517,
323537,
323539,796,1,
323543,
323548,6,1,
323549,1175,1,
323552,
323555,
323556,
323557,911,1,
323560,
323561,
323565,1,1,270,1,
323568,
323570,
323572,266,1,
323575,
323578,863,1,
323579,258,1,
323581,
323587,
323594,1,1,11,1,
323595,1,1,
323598,1,1,417,1,31,1,
323599,1789,1,
323601,
323604,
323605,607,1,
323608,1,1,
323609,
323612,
323613,6,1,
323618,
323621,
323624,
323627,
323634,420,1,
323635,
323639,
323640,
323644,8,1,
323647,188,1,
323650,2,1,
323653,
323654,
323657,
323659,346,1,5,1,
323663,
323666,530,1,52,1,
323673,
323675,3,1,
323679,
323681,169,1,
323682,297,1,
323683,1,1,
323685,1181,1,
323689,
323691,
323697,
323699,
323700,242,1,103,1,
323701,242,1,
323702,
323703,
323706,
323707,
323711,
323712,
323714,407,1,
323715,127,1,
323718,
323719,
323721,
323726,820,1,
323727,1,1,844,1,737,1,
323728,
323730,29,1,
323735,84,1,
323738,1,1,42,1,420,1,
323739,
323740,1,1,42,1,
323742,270,1,
323749,
323750,1181,1,
323753,
323755,
323760,
323772,
323775,
323776,
323780,
323781,
323782,
323783,
323788,
323792,1,1,
323793,
323794,137,1,
323797,104,1,193,1,
323799,23,1,
323800,
323801,78,1,
323802,
323804,
323808,
323809,
323814,
323817,5,1,
323820,497,1,
323824,1637,1,
323828,
323829,1,1,
323831,1,1,
323832,
323833,
323834,
323835,297,1,1092,1,1181,1,
323840,60,1,
323841,
323843,
323849,1,1,
323856,1,1,910,1,
323857,
323861,1,1,
323867,172,1,
323876,1,1,
323877,1704,1,
323878,361,1,
323879,
323880,
323881,
323886,
323888,166,1,
323892,
323893,1181,1,
323894,
323902,
323903,
323905,
323907,1,1,
323910,
323912,
323916,232,1,
323917,11,1,
323923,
323926,
323927,531,1,
323930,6,1,
323931,
323932,
323933,712,1,
323935,
323937,154,1,334,1,
323938,
323949,23,1,
323951,168,1,1124,1,
323956,15,1,
323958,
323959,
323960,65,1,18,1,147,1,
323965,1159,1,
323966,1,1,
323969,18,1,
323970,
323971,
323975,356,1,
323976,242,1,1181,1,
323979,1,1,
323980,
323985,7,1,
323998,1,1,54,1,
323999,
324002,398,1,
324006,1,1,
324010,
324012,
324015,1,1,
324016,
324017,764,1,
324019,
324027,11,2,
324031,
324034,
324035,53,1,
324037,
324038,15,1,
324050,
324051,
324056,463,1,
324066,86,1,
324067,1,1,
324069,384,1,
324071,
324074,
324075,187,2,420,1,
324078,128,1,
324079,
324089,1427,1,
324090,
324093,857,1,
324097,205,1,15,1,
324100,326,1,
324101,
324108,1,1,1405,1,
324110,420,1,
324112,
324115,
324117,149,1,
324120,395,1,
324123,
324125,
324128,
324129,2,1,
324130,
324133,
324135,
324139,
324140,
324144,137,1,
324149,
324152,1704,1,
324158,
324164,
324167,
324168,1181,1,
324169,
324176,
324177,
324179,252,1,143,1,
324181,
324182,956,1,
324183,
324185,20,1,5,1,
324187,6,1,
324195,16,1,
324202,1181,1,
324203,
324204,
324207,297,1,1092,1,1181,1,
324210,15,1,
324214,
324218,
324229,
324231,
324233,
324234,
324236,
324237,1159,1,
324240,
324241,
324242,202,1,
324247,
324249,
324251,
324252,5,1,
324259,1,1,
324260,1,1,
324262,
324263,23,1,
324265,910,1,
324266,445,1,7,1,
324270,
324271,
324275,
324278,
324282,
324284,420,1,
324286,
324287,445,1,
324288,
324290,1,1,590,1,
324291,
324294,18,1,
324298,19,1,781,1,
324299,173,1,
324305,1,1,
324307,
324308,384,1,
324310,
324311,5,1,
324313,1,1,
324316,
324318,
324320,
324323,
324324,
324325,
324327,
324329,
324330,
324334,
324335,
324340,
324343,
324344,
324348,
324355,18,1,
324356,
324357,
324359,
324365,297,1,1092,1,1181,1,
324366,
324368,2,1,
324370,
324371,
324374,
324377,26,1,
324380,
324384,297,1,420,1,
324385,
324387,
324388,464,1,83,1,62,1,
324389,317,1,94,1,
324393,
324395,
324399,19,1,
324401,299,1,
324402,5,1,
324405,6,1,
324407,
324409,
324412,
324413,
324416,
324419,
324420,216,1,1,1,
324421,224,1,2,1,230,1,
324422,1711,1,
324423,
324426,
324428,220,1,
324436,1181,1,
324438,
324441,
324445,11,1,51,1,
324446,
324447,430,1,
324452,
324454,
324460,
324463,
324464,
324468,803,1,
324469,
324475,297,1,1092,1,1181,1,
324476,
324480,368,1,532,1,
324482,399,1,
324484,1181,1,
324487,
324489,33,1,52,1,
324492,270,1,
324495,
324496,
324505,
324508,
324511,1159,1,
324512,
324518,
324521,
324522,
324523,7,1,
324525,
324527,
324542,
324544,
324546,124,1,
324547,611,1,
324548,
324549,
324551,
324553,
324555,
324560,29,1,
324561,
324564,20,1,5,1,
324568,
324572,
324574,
324580,
324581,
324583,
324584,
324587,
324588,
324598,
324601,
324603,
324613,453,1,
324614,1,1,
324616,
324619,
324630,
324631,
324632,1,1,
324640,
324641,44,1,221,1,
324642,
324643,20,1,5,1,
324644,
324645,1181,1,
324646,
324648,
324651,
324654,
324660,
324664,
324665,
324672,
324673,
324677,
324681,
324684,1,1,11,1,
324686,53,1,
324689,
324690,
324692,11,1,51,1,395,1,46,1,
324697,
324702,
324703,
324704,1,1,534,1,
324705,
324706,
324709,
324718,
324722,
324723,
324724,
324725,803,1,
324726,
324727,
324729,1686,1,
324733,
324734,1,1,
324736,1181,1,
324739,
324742,890,1,7,1,
324743,
324744,
324749,
324756,
324760,
324762,2,1,395,1,45,1,
324766,893,1,
324767,272,1,606,1,
324772,
324775,
324777,
324779,
324781,
324783,
324791,
324793,
324796,
324805,
324807,
324812,
324813,
324815,
324816,
324817,1569,1,
324818,1,1,
324824,59,1,
324827,78,1,
324831,108,1,
324832,
324834,
324836,
324838,
324841,
324846,231,1,
324849,83,1,62,1,
324851,
324852,1,1,
324855,192,1,
324858,1683,1,
324861,1,1,
324862,
324863,202,1,
324864,
324865,
324867,
324868,
324871,
324874,1181,1,
324878,1,1,
324879,197,1,
324882,1,1,
324886,51,2,69,2,11,1,
324890,
324892,1181,1,157,1,
324900,480,1,29,1,
324902,
324904,
324905,
324906,285,1,
324910,
324911,
324914,23,1,
324918,
324921,11,1,
324923,
324927,
324928,
324929,
324930,
324933,
324936,297,1,
324937,228,1,
324945,6,1,
324950,59,1,
324954,712,1,
324955,137,1,
324956,
324967,
324968,197,1,
324969,
324971,
324980,
324983,313,1,
324985,19,1,
324986,
324990,
324993,
324994,
324996,
325000,1,1,105,1,
325003,297,1,1092,1,1181,1,
325005,57,1,
325006,
325007,168,1,
325008,137,1,12,1,
325009,321,1,
325015,
325016,
325017,
325021,
325026,385,1,420,1,
325033,
325040,
325043,
325045,
325046,
325048,64,1,199,1,
325049,
325053,
325055,66,1,
325062,
325068,
325071,
325072,
325075,1,1,
325076,
325077,1181,1,
325091,121,1,
325095,
325097,
325098,
325104,1181,1,
325105,
325110,
325115,5,1,
325117,
325119,1,1,
325126,1,1,
325128,
325131,
325133,6,1,
325135,897,1,
325136,
325140,
325141,
325142,
325146,406,1,
325148,790,1,
325152,
325155,
325161,
325163,9,1,
325164,
325167,
325170,435,1,
325173,
325177,
325179,41,1,1182,1,
325181,562,1,
325182,
325186,
325188,2,1,
325194,
325197,
325205,2,1,
325206,
325207,
325212,
325213,1,1,
325216,
325219,1278,1,
325222,313,1,
325223,1,1,
325226,
325229,
325230,2,1,
325231,1,1,2,1,
325233,472,1,76,1,1092,1,1181,1,297,1,
325236,
325238,179,1,
325241,
325250,160,1,410,1,
325251,
325254,
325256,
325257,
325258,
325260,
325261,
325264,
325300,
325305,922,1,
325307,3,1,420,1,
325309,56,1,857,1,
325311,
325313,5,1,
325318,
325320,
325322,149,1,
325324,
325325,
325328,
325329,
325330,
325331,
325338,420,1,
325345,108,1,
325346,1,1,
325353,
325360,
325361,23,1,
325362,2,1,
325363,
325367,
325371,
325374,
325375,
325377,
325378,
325379,
325385,128,1,
325389,26,1,
325393,
325394,7,1,
325400,1,1,
325402,19,1,
325403,1101,1,
325405,
325411,
325413,
325414,
325415,
325417,614,1,
325418,
325419,
325421,796,1,
325423,
325430,
325434,
325436,385,1,
325439,
325440,
325443,1297,1,53,1,
325445,
325450,
325456,
325462,1,1,
325463,
325466,156,1,
325467,83,1,62,1,
325469,137,1,
325470,
325471,
325472,15,1,
325477,
325480,395,1,
325483,1,1,
325488,83,1,62,1,
325491,
325495,170,1,
325498,7,1,
325501,
325504,
325506,
325508,748,1,143,1,
325510,1,1,1572,1,
325513,386,1,
325516,
325518,
325521,297,1,
325523,
325528,
325531,38,1,
325533,
325534,379,1,
325536,
325538,803,1,
325540,
325541,
325542,424,1,
325543,
325545,
325547,
325549,
325553,
325558,
325560,83,1,
325562,
325563,1,1,
325565,
325571,2,1,
325574,2,1,1181,1,
325575,19,1,
325582,1181,1,94,1,
325583,
325586,
325587,534,1,
325589,41,1,
325591,155,1,141,1,
325593,
325595,177,1,471,1,
325596,1181,1,
325597,
325600,
325603,
325605,
325607,
325610,
325620,
325623,356,1,
325625,6,1,
325626,
325630,681,1,
325635,
325639,
325641,
325643,
325645,6,1,
325648,
325649,
325651,
325657,
325662,336,1,925,1,
325663,26,1,
325667,89,1,
325669,
325670,1236,1,
325672,56,1,857,1,1036,1,
325674,
325675,29,1,
325677,
325679,384,1,
325681,
325682,2,1,
325684,53,1,
325685,169,1,
325688,1,1,
325689,124,1,
325690,
325691,
325694,368,1,2,1,
325699,424,1,1,1,
325701,
325702,
325711,1,1,11,1,
325713,
325714,
325715,
325718,
325720,67,1,255,1,
325725,
325726,
325729,7,1,
325731,
325735,
325741,1500,1,
325749,
325754,
325758,6,1,
325760,453,1,
325762,
325768,
325770,192,1,
325774,313,1,
325779,
325783,188,1,
325788,
325789,201,1,6,1,
325790,1,1,
325797,
325799,
325804,
325807,420,1,
325812,
325815,1,1,50,1,317,1,1181,1,
325817,
325821,
325822,
325840,
325843,
325844,
325848,69,1,53,1,
325849,
325854,
325857,
325860,
325891,386,1,
325897,
325900,
325904,
325905,420,1,
325907,82,1,639,1,
325908,
325918,
325922,
325923,
325927,1469,1,
325928,
325929,
325934,420,1,
325938,629,1,
325944,
325949,
325950,
325952,
325953,
325954,2,1,
325956,5,1,
325958,
325960,
325963,
325964,192,1,
325967,893,1,
325968,1,1,2,1,
325969,
325970,
325973,1,1,
325974,
325977,
325980,
325981,
325988,
325991,
325993,
325996,2,1,5,1,
325998,
326000,
326001,
326008,
326016,192,1,
326017,1680,1,
326018,165,1,
326021,167,1,
326022,
326028,1,1,379,1,
326030,
326031,
326035,
326044,
326052,
326054,
326055,
326056,
326060,73,1,
326062,53,1,
326069,
326070,
326071,1,1,
326072,
326074,
326078,
326100,
326103,297,1,1092,1,1181,1,
326110,
326113,24,1,
326115,3,1,
326122,
326123,
326124,
326125,
326128,820,1,
326131,18,1,
326132,
326141,
326142,600,1,
326145,242,1,
326146,
326151,
326156,
326163,693,1,1181,1,
326164,1181,1,
326165,
326167,
326168,
326175,6,1,
326185,1,1,420,1,
326188,
326190,
326197,
326201,1181,1,
326203,
326206,
326211,
326216,
326217,1181,1,
326219,
326221,385,1,
326222,402,1,
326223,1181,1,
326227,1,1,
326253,420,1,
326267,
326268,
326275,424,1,
326291,
326295,
326297,
326300,
326301,
326302,1369,1,
326304,
326307,123,1,147,1,
326312,
326317,1525,1,
326324,
326328,204,1,38,1,
326331,
326345,
326346,1,1,
326347,
326351,
326352,
326353,101,1,
326355,
326359,
326360,420,1,
326364,
326365,492,1,
326368,
326374,2,1,
326375,
326377,3,1,5,1,
326378,
326379,1768,1,
326382,168,1,
326383,11,1,1,1,51,1,
326386,1462,1,
326387,
326388,1462,1,
326394,
326395,
326398,1037,1,
326403,
326405,
326407,
326411,213,1,
326413,1,1,
326414,
326415,
326417,
326420,
326431,
326433,235,1,
326436,
326437,
326439,
326442,
326443,
326444,
326449,
326450,11,1,51,1,
326451,80,1,
326452,
326453,
326456,
326457,
326458,
326462,
326466,
326468,
326471,
326478,385,1,
326479,
326480,167,1,
326481,
326484,
326486,
326487,
326493,
326495,
326497,108,1,
326501,
326502,2,1,
326509,
326511,
326520,
326522,
326524,
326528,
326531,
326534,
326535,21,1,
326536,
326538,
326541,41,1,
326543,
326544,
326550,
326552,
326553,12,1,
326554,
326561,
326563,
326565,
326566,180,1,
326568,
326573,
326574,89,1,
326578,
326586,
326588,
326594,
326595,
326597,868,1,
326598,
326603,
326604,669,1,
326609,
326612,
326619,2,1,6,1,
326623,
326624,
326629,
326636,
326638,
326642,1,1,
326643,
326644,
326645,
326648,
326650,
326652,
326655,
326658,
326659,
326664,
326669,
326670,297,1,1092,1,1181,1,
326673,
326678,1,1,
326680,
326683,
326684,
326685,
326686,
326692,
326693,
326694,
326698,
326699,
326707,
326710,6,1,
326712,1,1,
326727,
326737,
326742,1,1,18,1,
326745,144,1,
326748,
326749,
326750,
326753,
326754,
326757,38,1,
326759,
326769,1,1,212,1,22,1,
326774,
326776,
326780,
326784,
326798,
326799,
326803,
326806,
326807,1,1,1651,1,
326813,
326815,
326817,340,1,
326818,41,1,
326821,
326823,344,1,
326824,
326836,2,1,19,1,
326839,
326840,
326841,
326843,79,1,
326844,
326845,
326848,1181,1,
326850,
326852,
326862,
326869,
326870,
326871,
326873,
326877,
326889,38,1,
326890,356,1,
326891,
326894,1,1,
326895,
326896,140,1,215,1,
326897,
326902,
326906,
326907,297,1,2,1,1092,1,1181,1,
326908,1,1,
326909,38,1,
326911,
326916,272,1,606,1,
326917,
326918,
326928,43,1,21,1,
326933,
326934,115,1,
326938,
326939,420,1,
326940,1,1,
326942,
326944,
326951,
326953,
326954,1005,1,
326959,
326960,
326962,
326963,
326969,
326975,
326976,
326977,
326979,
326981,
326982,
326994,
327014,83,2,982,1,
327015,588,1,1181,1,
327017,
327018,
327019,243,1,
327021,
327022,
327024,
327028,83,1,982,1,62,1,
327029,
327033,
327034,
327037,
327039,
327047,
327050,1161,1,
327051,
327053,
327056,
327058,362,1,
327059,181,1,
327066,318,1,86,1,
327074,89,1,
327079,
327083,
327086,213,1,6,1,
327089,
327092,19,1,715,1,
327094,
327096,
327099,
327100,
327101,1,1,83,1,
327102,
327107,180,1,
327108,
327109,
327113,335,1,
327115,38,1,
327117,368,1,
327124,
327127,49,1,109,1,1181,1,
327128,
327135,451,1,
327137,
327139,
327145,22,1,
327150,1,1,51,1,
327153,
327156,
327158,
327159,
327166,
327168,
327174,
327176,1456,1,74,1,
327177,18,1,
327178,413,1,
327179,420,1,
327181,
327203,
327204,
327209,
327214,
327215,
327218,
327224,
327229,607,1,
327236,
327237,512,1,143,1,
327248,
327251,
327259,
327261,
327264,246,1,
327271,
327276,
327278,
327279,
327281,5,1,
327282,3,1,
327284,
327289,
327291,
327293,59,1,
327297,1055,1,
327299,
327303,
327304,
327314,115,1,
327315,7,1,
327322,15,1,
327323,420,1,
327325,
327326,
327327,
327328,2,1,
327331,
327334,295,1,
327335,
327336,
327343,
327350,
327351,
327352,1445,1,
327353,
327356,24,1,
327357,
327359,
327366,
327375,
327380,1,1,286,1,
327383,
327384,
327389,1,1,
327401,1725,1,6,1,
327402,
327403,
327404,319,1,
327410,
327413,
327415,
327416,
327417,
327429,
327430,
327431,
327432,
327434,
327438,
327442,2,1,
327443,
327446,
327447,362,1,78,1,
327448,
327449,
327450,5,1,
327456,
327460,1181,1,
327465,368,1,459,1,
327470,
327471,
327472,384,1,
327477,
327479,
327481,234,1,
327486,
327487,535,1,
327488,84,1,
327492,1035,1,
327493,
327494,619,1,463,1,
327496,402,1,
327497,
327502,
327505,
327506,
327509,
327514,
327518,137,1,
327526,20,1,5,1,
327529,1,1,
327530,2,1,
327531,
327532,211,1,
327541,1712,1,
327542,
327544,
327547,
327562,
327563,
327569,
327570,
327572,50,1,2,1,53,1,
327573,52,1,
327574,
327576,
327579,
327586,
327594,1402,1,23,1,
327598,
327600,1079,1,
327607,
327610,
327614,
327616,
327623,
327628,
327629,
327638,
327639,
327651,
327654,1555,1,
327657,
327659,
327661,283,1,
327662,1,1,803,1,1766,1,
327664,
327676,
327692,1067,1,
327697,
327698,
327699,19,1,534,1,
327702,
327705,
327706,
327707,
327710,
327711,
327716,
327719,58,1,
327722,14,1,
327726,
327729,
327730,
327731,
327734,192,1,
327735,
327737,
327741,
327742,
327743,
327744,
327746,1,1,7,1,
327747,
327749,
327750,
327753,
327754,2,1,
327762,
327771,
327773,
327780,
327787,297,1,1092,1,1181,1,
327788,
327791,
327792,
327797,
327798,1181,1,
327802,53,1,
327803,823,1,
327806,16,1,1279,1,
327807,
327809,
327815,
327816,
327817,5,1,
327819,
327820,420,1,
327823,72,1,
327826,1,1,
327831,23,1,
327833,669,1,
327837,
327838,7,1,
327845,
327846,1378,1,
327850,
327852,417,1,
327856,11,1,
327860,332,1,
327861,6,1,
327862,1,1,11,1,1236,1,
327864,
327866,16,1,
327868,
327872,
327873,26,1,
327879,7,1,
327880,
327882,
327889,
327891,1,1,
327893,
327897,
327899,
327901,
327906,
327907,
327919,
327924,
327928,
327929,1,1,
327930,
327931,
327932,1,1,
327933,
327940,611,1,
327943,50,1,1181,1,
327944,
327946,1190,1,
327947,
327953,
327955,
327959,
327960,420,1,
327969,
327971,
327974,
327977,
327979,
327980,
327982,1,1,11,1,
327984,
327986,
327988,
327991,
327992,1028,1,
328001,
328004,
328010,370,1,
328011,569,1,
328012,
328017,
328025,
328026,6,1,
328027,
328028,19,1,
328029,
328032,
328034,
328035,244,1,
328036,
328049,
328054,
328055,
328057,
328058,
328059,
328060,
328062,
328063,242,1,1181,1,
328068,1668,1,349,1,
328069,
328072,
328074,1,1,2,1,
328077,1668,1,
328080,56,1,655,1,
328084,
328088,
328091,
328092,
328094,
328095,77,1,
328096,326,1,
328097,
328098,
328100,5,1,
328109,
328110,293,1,
328112,151,1,
328114,286,1,
328117,
328123,
328124,
328125,
328127,
328133,16,1,
328134,297,1,1092,1,1181,1,
328135,
328136,
328140,226,1,
328141,
328146,
328147,
328163,
328164,
328165,
328167,340,1,
328171,1,1,
328174,
328177,
328178,2,1,
328183,1,1,2,1,
328185,
328194,
328199,46,1,
328201,192,1,
328203,
328204,1,1,
328205,
328206,
328208,
328209,
328215,5,1,
328216,
328222,11,1,
328223,
328226,
328231,300,1,
328234,197,1,
328238,
328241,157,1,
328245,
328248,2,1,
328249,
328254,255,1,
328257,
328258,
328261,
328263,
328264,
328266,
328268,
328271,313,1,611,1,
328273,
328275,
328281,1,1,
328284,
328285,
328289,648,1,
328290,1,1,643,1,
328291,
328296,
328299,
328302,
328303,
328304,
328310,
328312,
328313,1051,1,
328314,
328315,
328317,
328320,167,1,
328321,1,1,
328323,
328326,
328327,155,1,
328328,
328329,1,1,
328330,
328340,
328342,
328346,78,1,
328348,
328349,5,1,
328350,
328353,
328358,
328359,1,1,
328365,
328366,
328368,1,1,
328377,
328383,
328386,51,1,
328389,
328398,
328407,2,1,3,1,778,1,
328412,
328417,
328421,
328429,
328432,
328433,
328435,
328437,
328439,
328442,429,1,
328448,
328449,743,1,
328455,
328458,2,1,19,1,
328459,
328461,
328465,
328466,
328469,
328470,231,1,
328474,
328475,417,1,
328477,611,1,
328480,747,1,
328485,
328486,
328488,807,1,
328490,
328495,
328499,
328502,
328504,
328509,505,1,1023,1,
328512,324,1,297,1,1092,1,1181,1,
328515,
328518,
328519,
328528,141,1,
328548,
328553,1228,1,
328554,
328555,
328557,
328565,679,1,
328567,
328569,
328571,
328572,
328579,
328580,1,1,590,1,
328581,
328583,
328584,157,1,
328587,2,1,
328592,
328595,
328599,
328601,
328603,
328606,1364,1,413,1,
328607,
328611,
328612,
328614,192,1,
328615,60,1,
328616,
328619,
328621,
328622,
328630,
328634,778,1,
328636,5,1,
328637,1,1,1107,1,731,1,
328639,
328643,608,1,157,1,
328647,152,1,
328648,35,1,
328651,
328653,
328654,2,1,
328656,1181,1,
328657,1,1,
328662,
328663,1,1,
328664,
328665,
328668,1181,1,
328673,
328676,
328678,
328680,
328681,
328683,
328684,
328686,
328689,491,1,
328690,660,1,
328691,
328695,261,1,22,1,
328697,
328701,
328702,
328703,
328704,1,1,549,1,
328707,
328708,
328710,
328714,
328719,
328724,180,1,
328725,1,1,
328728,
328730,
328739,1,1,
328741,
328746,420,1,
328748,
328759,
328763,
328768,1,1,575,1,
328769,
328770,
328773,1791,1,
328779,
328781,
328789,
328792,
328793,
328797,197,1,
328798,
328800,
328803,
328804,
328805,115,1,
328810,
328813,
328814,868,1,
328815,
328818,1,1,
328824,347,1,
328829,
328833,
328836,16,1,
328839,
328840,
328849,1181,1,
328852,
328854,
328857,
328867,613,1,
328870,
328871,
328872,
328873,84,1,
328874,
328879,590,1,
328882,299,1,
328892,83,1,62,1,
328897,
328900,
328901,
328902,145,1,
328904,
328907,5,1,
328912,611,1,
328917,
328919,
328923,
328930,152,1,
328931,
328932,
328935,
328944,
328945,
328951,420,1,29,1,
328952,
328953,
328957,227,1,
328958,
328960,297,1,1092,1,1181,1,
328961,1,1,
328962,261,1,
328963,67,1,188,1,
328964,
328965,77,1,
328967,567,1,
328968,
328970,
328974,
328977,
328980,
328988,
328989,
328991,270,1,
328992,2,1,
328993,
328995,776,1,1,1,
328998,
329000,
329001,52,1,
329002,
329004,
329006,
329008,823,1,
329009,1129,1,
329011,
329016,1141,1,
329017,
329018,269,1,
329020,
329025,
329027,
329032,
329033,
329035,
329036,
329040,
329041,1,1,
329043,
329044,
329046,
329048,
329053,
329055,
329062,
329064,1417,1,695,1,
329072,477,1,
329075,
329077,456,1,
329078,137,1,
329082,
329084,
329085,
329090,338,1,204,1,
329092,
329093,83,1,589,1,
329095,
329098,434,1,
329099,264,1,
329101,1296,1,5,1,
329104,
329108,65,1,147,1,
329109,
329111,
329112,832,1,7,1,
329116,
329118,
329119,
329120,
329123,
329125,
329127,1,1,
329128,
329131,
329132,
329135,178,1,59,1,
329136,253,1,
329138,
329139,5,1,
329141,
329142,
329147,1,1,
329148,99,1,7,1,
329149,
329150,241,1,
329152,
329153,
329156,2,1,
329158,208,1,
329160,1181,1,
329163,
329165,
329166,
329173,
329174,
329177,
329183,
329185,2,1,51,1,
329191,
329196,16,1,
329201,
329204,168,1,
329206,
329208,
329209,
329210,
329211,
329215,
329216,
329219,
329224,
329225,
329230,
329233,
329237,
329242,
329243,98,1,
329246,
329250,2,1,470,1,
329252,
329254,
329256,1,1,
329257,7,1,
329265,
329268,
329270,1021,1,
329271,
329274,
329279,
329283,
329285,
329286,1,1,
329287,
329291,489,1,
329294,
329295,
329301,
329306,317,1,
329307,
329308,
329309,
329312,82,1,
329318,
329319,
329323,
329328,
329329,297,1,1092,1,1181,1,
329334,
329336,
329337,
329343,16,1,1279,1,
329344,15,1,
329346,
329348,
329349,
329351,
329356,
329364,6,1,
329366,
329374,
329375,
329377,
329384,
329385,59,1,
329388,986,1,
329392,
329403,5,1,
329407,
329415,
329423,
329424,344,1,
329439,
329442,420,1,
329443,
329446,
329447,
329460,
329461,
329463,
329464,
329467,
329476,15,1,175,1,
329477,
329478,687,1,
329483,
329500,2,1,
329501,
329502,821,1,
329503,56,1,
329504,
329505,
329507,
329529,
329535,269,1,
329552,
329553,268,1,
329558,
329564,
329567,
329574,1209,1,
329575,1784,1,
329576,
329577,
329579,
329582,420,1,
329585,23,1,
329590,472,1,
329595,
329596,
329601,
329602,
329603,
329608,
329609,
329611,
329615,
329616,803,1,
329617,
329618,1637,1,78,1,
329632,395,1,45,1,
329633,
329637,
329639,1624,1,
329645,
329647,
329652,
329660,
329663,
329665,
329668,76,1,
329670,
329671,
329674,
329675,
329676,2,1,
329679,
329694,
329696,
329698,
329701,
329704,
329705,232,1,1,1,
329706,
329711,
329713,299,1,1131,1,
329714,
329716,
329719,1,1,
329720,
329722,104,1,1,1,810,1,11,1,
329724,
329735,
329736,
329746,
329747,
329748,
329751,
329754,
329757,1162,1,
329758,1,1,
329759,
329760,225,1,
329762,
329766,
329770,
329773,
329776,
329778,1,1,
329781,
329782,
329787,
329788,2,1,115,1,
329789,
329790,
329791,
329792,
329796,
329798,
329801,
329802,281,1,
329805,2,1,
329807,
329808,
329814,125,1,
329822,1408,1,
329823,
329824,
329828,
329829,3,1,
329831,5,1,
329832,
329835,1,1,
329837,778,1,
329843,
329845,
329846,
329853,108,1,
329868,
329869,
329872,
329874,
329877,1,1,
329881,
329890,6,1,
329892,
329894,
329897,1,1,
329898,
329902,99,1,7,1,
329904,
329905,
329912,1002,1,
329913,216,1,420,1,812,1,
329914,
329915,1,1,60,1,
329918,835,1,1403,1,
329924,1181,1,
329926,
329927,472,1,
329929,
329934,1,1,417,1,
329936,
329945,
329949,
329952,
329953,781,1,
329957,148,1,
329961,
329963,
329965,1,1,
329967,
329968,297,1,1092,1,1181,1,
329969,
329973,
329975,
329979,420,1,23,1,
329981,1,1,
329982,
329988,19,1,
329989,
329995,1,1,
330000,
330002,1,1,
330003,
330005,326,1,
330008,
330012,
330016,
330020,
330021,
330022,181,1,
330024,
330029,1,1,51,1,
330030,
330040,
330043,321,1,
330045,
330047,
330048,1,1,575,1,
330049,57,1,
330051,
330052,
330057,
330064,6,1,
330065,
330066,2,1,
330069,841,1,
330071,854,1,
330077,
330082,
330083,297,1,
330086,
330087,177,1,323,1,15,1,
330090,
330092,
330095,
330099,
330101,1,1,
330103,
330109,1,1,
330113,
330118,1,1,167,1,
330123,1,1,
330126,
330128,803,1,
330129,
330131,344,1,
330134,
330135,1181,1,
330137,
330150,
330151,
330152,
330155,
330156,109,1,
330157,
330160,544,1,
330167,
330170,297,1,1092,1,1181,1,289,1,
330171,
330172,
330174,
330178,
330180,
330183,318,1,
330186,
330187,
330188,
330189,
330192,
330193,
330194,
330195,
330198,
330199,
330200,
330201,
330207,
330215,15,1,
330218,
330223,
330224,702,1,
330226,
330227,246,1,
330230,
330233,420,1,
330238,
330240,1686,1,
330241,
330242,
330247,
330248,
330250,
330251,
330257,5,1,
330259,420,1,
330261,
330262,
330267,
330268,5,1,319,1,
330270,
330274,53,1,
330278,255,1,
330280,1181,1,
330281,
330286,1,1,
330287,
330289,
330290,
330291,
330297,
330300,
330302,
330304,
330308,652,1,
330311,1,1,
330313,
330316,
330317,
330321,104,1,193,1,
330323,
330326,
330330,
330335,
330338,
330343,
330345,
330347,
330356,
330357,1,1,
330358,6,1,
330360,
330365,1,1,61,1,
330369,
330372,85,1,
330373,
330374,863,1,
330375,
330376,
330380,15,1,
330381,
330385,297,1,1092,1,1181,1,
330390,242,1,
330391,
330392,
330393,157,1,
330396,
330397,
330402,
330404,
330406,
330407,1,1,
330409,
330411,1,1,66,1,
330412,
330418,
330420,
330424,
330425,
330426,
330432,7,1,
330433,
330435,1345,1,
330442,
330443,420,1,
330451,
330455,
330456,
330458,
330459,53,1,821,1,
330461,11,1,
330469,
330470,
330472,
330474,1,1,175,1,
330477,
330482,
330486,
330489,
330491,5,2,20,1,
330496,
330497,1148,1,1181,1,
330498,
330501,
330519,297,1,1092,1,1181,1,
330520,
330522,1,1,20,1,5,1,
330526,
330532,1,1,
330533,
330622,
330634,420,1,
330661,
330672,297,1,1092,1,1181,1,
330689,
330737,274,1,
330743,
330747,459,1,
330839,
331221,
331267,
331407,
331642,
331675,
331895,
