3497
4132
5972
6587
7622
8177
8555
8839
9013
10172
10820
12013
12489
12752
12890
13078
13933
14116
14301
14979
15081
14864
12008
16273
16270
16451
16954
17588
18119
18109
18161
18847
19023
19258
19730
19933
20302
20384
20414
20398
20525
21051
21061
21189
21427
21903
22965
22863
23012
22843
22569
23651
23807
23781
23855
23940
23969
23939
24693
25131
25313
25418
25436
25495
24675
25543
25112
26044
25973
13730
26369
26427
25615
26777
26798
28156
28582
28678
28831
29057
28948
29234
29445
29908
26105
30790
32101
32038
33117
20324
33604
35243
35525
35704
35897
36164
35307
36752
36856
38109
38828
39395
11516
39834
40458
40793
41093
41116
41122
41705
42564
42816
43021
42425
43804
44255
43654
44463
44658
44755
44491
10810
45569
46018
47053
47422
47591
48323
48294
48254
48666
48690
48854
48769
46890
49049
49199
50138
49499
50177
50177
50590
51099
51174
51052
39867
51043
52148
52150
52190
52016
52550
38744
53156
53592
52525
52609
51537
52044
54069
54229
54210
54700
54660
54781
54972
46318
55050
55203
45467
52905
56096
56465
56386
56564
50253
57048
56451
57260
44434
55056
57291
57592
57610
57736
57824
58140
57527
58506
59115
59011
59526
61036
61316
61834
61753
61935
62390
62384
62927
47330
63162
63126
63465
63763
63650
57725
63914
63949
64338
64396
64268
64395
64975
65523
66347
66454
66242
66699
66714
66768
67386
67627
67551
68144
68521
68913
69608
70246
70383
70590
70735
70718
60012
72024
68035
72382
72512
72499
72483
72611
72790
72968
73037
73038
74141
73664
74167
74326
74445
74516
74918
74932
74951
74731
75418
75626
75562
75875
76114
76464
56133
53645
36311
71397
76860
77308
78137
78547
78792
78997
79286
79146
79465
79267
79721
79781
79777
79827
80632
81366
81292
81809
81902
81281
84244
83293
84718
84932
84946
85570
85765
86231
86652
86718
86760
86803
87329
87375
87285
87124
86928
87494
87467
87803
88106
88158
88326
88491
88612
88936
88668
89375
89638
89593
89772
89835
89957
90227
90362
90471
90545
90636
91049
91030
91545
91568
91752
92011
92103
91964
92158
92302
92388
92602
92632
92810
93069
93574
94047
44729
94357
94443
94965
93799
95121
7964
36499
95516
95964
96068
29378
95473
96242
96344
96373
96506
96253
93858
96470
84119
96532
96559
96552
96743
96784
96708
96830
84360
97041
97100
94
97359
97435
97499
78027
97814
97852
97944
98071
97748
97874
98169
42887
98871
93467
25826
17129
79234
96323
79744
70984
31388
27616
98936
84643
99290
99385
73813
11934
14494
99321
99147
99569
99797
100170
100192
100302
100502
100546
68115
100729
100864
101259
101286
101618
101778
101805
951
101606
102020
101826
102147
101813
102236
102236
102436
102459
37041
102670
102714
102807
102443
102979
103200
103257
103251
103390
103498
103731
103909
103849
103934
104060
103419
102229
104641
104779
103713
105081
105168
104299
105174
104168
103922
87222
104577
104952
105435
89915
103822
105506
105485
68994
105662
105686
100319
106024
106005
105944
106199
106240
106387
106443
106310
106555
106511
55244
106620
106688
106712
106586
106688
106938
106893
106882
107051
82143
107109
107284
107458
107601
107795
107879
107963
108005
107920
107604
108095
108410
108141
102164
108432
108417
40263
80156
108693
108646
87054
108941
108883
108993
105615
27414
26895
74311
109142
61531
109345
109393
82989
109417
109559
109598
109550
109150
108939
108479
109598
109628
109702
109766
109886
109887
109915
110056
110161
110248
43878
110237
110286
110265
110339
110549
110526
110708
108091
110753
111002
110750
21269
111251
111409
111463
111555
111660
111652
111464
111943
111910
112358
112397
112584
112731
112724
21390
107713
113101
91560
113237
113302
113394
28555
45148
69091
113458
113480
5037
16672
113558
113565
113602
106991
113443
113278
113978
114146
10370
114299
54036
3141
114699
114792
40385
114950
114985
115053
115397
115448
115445
115526
115662
115628
113197
116115
116414
116430
116456
116425
116477
116292
116639
116805
116818
117155
117282
117232
117209
117145
117360
117434
117736
117722
117902
118093
118173
118207
118219
118208
93494
118252
111390
69435
118564
118941
119177
119160
119420
119797
119988
120096
120143
48303
120319
120350
120458
120456
120010
120579
120594
65025
108109
120865
120899
120897
121018
121123
121182
121373
121296
121752
121737
122009
122425
121980
122074
120577
122488
54516
122693
122856
122661
122755
122877
123106
123076
123326
122438
123009
99631
123560
123508
123873
123691
123825
123642
123160
123792
123773
124102
124130
124192
123674
123980
86191
124341
121109
107893
124607
110072
124714
124722
124763
124765
124336
67150
124802
87640
124983
125079
125081
124998
124896
125082
125235
60760
125210
6736
89631
125256
108919
125222
109361
125321
125293
125333
125344
21541
125420
125435
99039
125572
125755
125876
125912
125974
125992
126101
126105
51004
126315
126662
126761
126515
127037
55318
127099
127236
126794
121749
32327
121195
127349
127485
127547
76034
128098
128195
110524
128376
128577
114289
128799
128621
129115
128763
129141
129375
129432
129561
103103
73972
62846
125435
114048
131167
28336
23633
131273
114625
131654
131679
132314
132614
132165
92689
132746
133015
69530
133326
133708
133656
133492
134189
134246
134267
133764
134554
135212
135226
135575
135746
134919
135778
136032
136068
136065
136533
136397
136646
92205
137120
137158
137526
137727
137708
137761
137797
137943
137931
137965
137853
138128
36125
138199
138060
138481
138673
137135
87597
138980
139222
139345
139624
139763
139783
139799
139947
140103
140022
140016
140046
135030
140181
139990
140240
140263
140287
140303
140634
140641
140643
140740
140890
140772
140972
140873
140815
141090
141095
140791
141172
19974
141037
32167
141401
113337
141020
3718
141286
141734
141930
141951
142181
142408
117731
141537
142457
142343
142798
142940
143473
143786
143951
143833
144393
144438
144520
140744
144684
144717
144659
144713
145090
145130
145272
145362
145221
145241
145492
145584
138448
145602
145755
145877
146271
146321
146262
145894
89668
146326
146363
145721
145906
146700
146480
146536
146560
146646
141716
147007
147322
147073
147560
147633
147592
147571
147966
148096
148488
148503
148526
148636
148719
147957
148548
149064
149296
149443
149716
150174
150618
150797
65274
151462
151568
151323
151752
95692
151723
151716
150078
134573
139005
151895
151965
142138
151981
144914
152208
152295
151883
152446
47593
88220
152988
153099
153351
153340
153323
153371
153548
153649
153700
151421
153781
153742
153739
113153
154069
154501
154510
154521
154643
154974
153735
155264
62251
155293
152826
155361
155430
155640
155763
153973
155801
155729
155829
155922
156031
155989
156089
155366
156435
156691
106851
157408
157457
112849
157346
157133
157571
157460
143127
157947
158033
158398
158334
158232
158331
158609
158537
158949
158964
138341
158893
159314
74786
159396
151523
146722
21500
159800
159702
58562
160133
160264
103247
52156
160613
160279
160559
160723
152
52792
84967
160736
160817
161007
161528
107686
161285
161231
161500
161417
161694
161573
161834
161823
161629
162014
162240
162228
162362
162418
162191
150717
162456
162556
162705
162717
162989
163134
163253
163093
162036
163049
163184
163397
30264
163623
163647
163884
164048
164155
164209
164640
164507
164372
164444
164344
164410
164746
45991
159866
164983
165174
165460
165111
165075
165780
165640
165898
165858
166105
116880
166163
166522
166418
166446
93017
146808
166691
167080
166993
157954
167511
158083
148385
167019
167392
167927
167999
168171
168801
169629
169268
169711
170012
86696
95491
170192
170888
171045
170545
170633
63719
171280
170798
171817
157713
172205
172398
171546
172382
172506
172738
173133
173088
173217
173252
155628
173501
173152
173056
173701
173745
173603
173769
173809
173858
173992
154200
143321
174122
174186
174214
153658
78010
174432
174521
143357
174606
174602
174616
174931
175087
175210
175206
175250
175257
175376
175581
175581
122435
159708
80041
175497
176158
176189
176212
176398
147642
176465
176522
176711
176729
176660
177169
177503
177956
178107
178086
178160
178299
178449
125977
178661
178706
179127
178915
179040
179108
179259
179404
179421
179256
179744
179675
179795
180266
180137
63632
180707
181236
181394
181500
181510
181268
181739
182528
182599
182674
182751
182585
183162
84686
183627
183599
183846
183921
183954
184071
184082
184295
184570
184597
184430
184458
184660
184722
184565
184405
184510
184845
184914
184596
14147
176265
185079
3924
185155
185263
179378
185026
185364
185596
185613
185492
185590
185653
185816
185797
185357
186281
186353
178415
185697
185697
186128
186530
186883
187082
187045
143458
187158
187151
187204
186521
187223
187551
187592
187271
187797
187856
187847
187816
187896
187806
188168
188185
188312
188301
188290
188181
188313
188099
188476
188034
188830
188746
188585
188133
188889
188650
188935
189277
189326
189469
189480
188987
189092
188330
118599
187967
189557
189522
189707
189525
189707
121828
189768
189832
190202
181859
190383
190491
190756
190931
190838
190836
191064
191046
191412
191540
190845
191808
191999
191628
192180
192379
192425
192455
192505
192420
192499
192758
192876
192896
192997
193089
193134
193135
193233
193368
192988
193276
193484
193602
193758
193690
193840
193576
193876
194054
193964
194244
194018
194719
194721
194676
192366
194876
194897
194913
195092
195096
195132
194711
195158
195343
195296
195279
195629
195614
195812
195299
195730
195965
195943
196051
196161
196107
196167
196497
196633
196761
196836
167886
197414
197456
197547
197692
197807
197812
197819
197923
197868
198103
198145
198322
198606
198681
198721
198838
198857
198930
198699
198952
199023
198927
199153
199179
199195
199141
199125
199246
199528
199492
199791
199986
199786
199987
200100
200165
200192
200178
200265
200312
200290
200147
200374
200498
128680
120983
200823
200762
201178
201077
200910
201205
200809
201323
201314
201176
201546
201550
201348
201913
201990
202053
202074
202140
202124
202312
202351
202361
202420
200393
37737
202485
202547
202606
202919
202847
203148
203203
202732
203211
203206
203247
203586
203625
203652
203946
203974
204074
204082
203870
204141
204312
203985
204468
204640
204865
204981
204944
205155
205118
205199
205607
205660
205644
205578
205956
206008
205866
205829
206266
206457
191051
60378
206346
206645
207191
207121
207502
207412
207643
207759
207768
207817
207882
208128
208078
208061
208002
208001
208209
208325
208286
208392
208466
208453
208538
208552
208784
208919
208938
209015
209264
209380
209320
209310
209590
209562
209502
209784
209808
209859
209866
209952
209840
210111
210089
210424
210486
210473
210598
210579
209667
176446
210616
210818
210718
210770
210720
210731
211214
211581
211336
211412
32355
211708
211895
212168
212051
212420
212295
212457
212481
212648
212461
209934
213073
213092
213195
213291
19482
213128
213441
213516
213473
213592
213585
213553
213650
213711
213787
213790
213841
213931
214371
214470
214331
214669
214739
214784
214781
214903
215026
214988
214928
215042
215017
215070
215173
215152
215225
166206
215545
215217
215360
193383
216330
216383
216190
216485
215702
216629
216622
141411
216628
216823
216833
216870
184455
217056
217127
217187
217216
217315
217316
217067
217144
217613
217718
217789
217829
217720
217670
217590
217932
217950
217957
218143
218452
217472
218672
218604
218531
218906
219023
218974
219029
218962
219358
219603
219612
219670
219455
218940
220035
219814
219705
107700
220152
220288
220297
220171
220511
220533
220794
221182
221104
220601
148290
220823
221449
221494
221656
221767
221421
221814
221832
221909
221986
222261
222321
222427
221806
223083
222253
222859
223213
223216
223407
223500
223703
223652
223578
224317
224147
223793
223711
224088
224121
224086
224348
224941
224920
225095
225127
225222
225311
209151
88297
225459
225288
225506
168022
225512
225460
225600
225423
225646
225748
225943
225892
225752
226027
226337
226283
226701
226429
154563
226981
226988
226683
227221
227315
223901
228252
227981
228166
228495
228359
227499
228478
228891
228853
228813
228734
228553
229008
229080
229165
229214
229417
229359
229387
229390
229433
229467
229609
229684
229653
228989
229907
230027
230011
201099
230443
230607
230587
230590
230316
230458
230296
230830
223184
231005
230934
230484
231253
231368
231292
231750
231596
231163
231738
231999
232227
232238
232207
203431
232332
232546
232680
232745
232645
232890
232544
232598
233435
233689
233833
233701
171165
143698
141180
39886
201
234093
127782
234206
234283
234409
234594
234635
234614
124442
235054
224570
235069
235047
235222
235095
235289
235483
235300
235576
235355
235363
235721
235305
235008
235218
235753
235961
235849
235746
154509
235759
180290
236044
235328
236259
236374
236309
234443
236376
236657
236824
236621
236752
236390
236471
237038
237559
237629
237773
237179
237687
237489
237433
237937
102927
66722
238084
238101
155268
238209
238284
238405
238745
238852
238755
238527
238462
238353
239208
48727
239202
239326
239476
239477
239774
129249
239146
239396
239998
239887
218550
182218
240080
240127
239897
92004
240744
241024
240839
240075
239768
241193
236524
241333
241483
241341
241577
241599
241655
241658
241720
241804
241815
241845
241969
242048
168516
242130
242023
242331
242468
242518
242665
242502
242872
243079
243150
243315
75636
243232
243199
243528
241305
242826
243903
141625
244188
244218
244262
243897
243745
244202
207601
244738
244924
244943
244466
245112
245242
245279
245283
245523
245139
245596
245468
245665
245680
245512
245691
70826
245852
245947
246479
240946
246566
246687
120486
246495
246850
246941
246948
247063
247135
187900
247155
247312
247380
247711
247592
242112
248003
247905
95685
247979
248220
248245
248351
248493
248138
248457
247629
245893
226278
248852
248856
248943
249005
249046
249147
249241
249163
249153
249335
249512
248902
214466
249799
249823
250010
249147
250288
250361
250289
250081
249584
249339
250583
250504
154170
250600
250625
19145
163878
251274
250607
251254
251440
251460
251542
251732
251847
251859
252047
195280
252131
63350
251510
251496
252102
252346
252597
252357
252687
252727
252746
252673
252848
252853
252827
153274
253006
134667
252896
252678
253281
253497
178557
253669
428
253459
138319
253314
253532
253999
55413
254078
254305
254408
254596
254766
254158
254977
254209
254728
254253
255242
255834
256082
255846
255835
256153
256280
256307
256340
256394
256547
256151
256237
256673
256030
82335
256797
256651
256755
256782
256845
256868
257065
257105
257070
256917
257322
257366
257434
257395
257481
53144
193296
100261
95252
256901
257238
257525
257668
257951
258317
255990
258381
258347
258238
258199
30712
258542
258524
258755
258656
244347
258780
4044
258879
258900
258989
258995
259047
259116
259161
259298
259410
259555
259551
259854
259951
259883
97604
260023
259991
259843
259844
259962
251231
259827
259452
259703
260328
260334
260248
78894
260545
260791
260888
80493
260802
203840
260956
260978
261072
261051
261164
261302
261386
261422
261057
261401
261063
261573
261527
261734
261908
261847
171248
261930
261945
261941
262218
140357
262266
262340
262192
224112
262274
261971
252136
251804
262275
262486
262395
262236
262325
59264
262553
262552
262676
262838
262897
262934
263004
263158
263248
263189
257341
262975
263237
263393
263466
257656
263480
263445
263775
263827
263808
264016
260417
264058
264314
263989
263975
264531
257831
264816
264834
264737
264649
264902
265138
265303
265454
265715
265689
265331
265297
265509
239764
266091
266211
266253
265192
215068
266218
266378
266563
266787
266816
266824
266916
264807
267126
267081
266420
267114
267235
267210
267336
181291
267296
267507
267422
267653
267686
267750
267577
268086
268141
268330
268420
268407
268463
260788
268334
268493
268450
268724
268814
268822
269005
72642
269059
268767
268847
268062
267880
267920
269114
269440
269338
269320
269615
269504
269732
269760
269896
269786
269823
269987
269769
270281
270282
270530
270435
270921
271088
271112
271055
271336
271401
271483
270801
271514
271280
271530
271018
271626
271727
271706
271858
271880
271903
272008
272075
207983
272333
272337
272276
272334
272598
272647
161629
271226
272769
273082
272913
273278
273562
273572
273646
273781
274096
273365
274215
274214
274316
274590
274407
274537
274009
274644
274708
274728
274724
274781
274794
274471
275033
275101
275041
275039
275178
274860
275458
275330
275519
275319
275243
274911
275610
275829
275895
272699
190827
276230
276358
276378
276420
276132
276433
276805
276848
276989
277057
270778
277328
277511
277510
264023
277380
277833
277899
277483
277793
277998
277532
278188
277874
278258
275947
278240
278357
278374
278407
278442
278629
278708
278808
278750
278728
278744
278951
278994
279285
277997
279584
279597
279659
279659
279669
279669
262893
279791
279639
279209
225203
279621
277146
280085
280184
279596
280208
280038
280577
280426
280647
264474
280746
281172
281100
280743
280557
281357
281195
281497
281586
281476
281553
281717
281018
278678
281906
281951
282023
282161
282028
281907
282207
282425
282496
282488
282512
282605
282616
282645
282539
282706
282801
282809
282899
37789
282350
283080
283186
283227
283397
282795
3345
284094
284172
284199
284360
270801
284428
283907
281340
280639
279438
284628
284653
284708
284933
285125
285199
285221
123684
285311
285424
285251
285153
285567
227732
238972
285708
285763
283253
260593
61596
136726
286239
286338
284698
286292
286481
286295
286726
286035
286509
286602
286879
286931
286949
286969
286986
287136
287304
287277
287472
287534
287683
287556
287697
287811
287916
288188
287405
288223
288195
288525
288581
45245
288791
289433
289359
289573
289391
289593
289974
287709
290076
290336
290415
288870
289094
289160
290586
290530
290773
290787
290174
291062
291269
291292
291346
290906
291463
291416
290709
291607
291406
291571
291526
291219
291681
291471
291997
242097
292068
292189
291395
292414
292525
292607
292540
292630
292485
291173
291559
280167
292904
292928
292945
292885
293246
293464
293625
293791
293840
293341
294033
294178
292672
285120
294142
293979
293443
262971
294696
294703
294939
295071
295212
295857
295745
296095
296153
296182
296366
296432
296675
296482
296455
297064
297060
146010
297260
95622
297446
296484
296609
257719
297668
291531
297924
297796
297990
298081
298302
297969
298498
296531
298553
298587
298611
298701
298813
298908
299165
299092
299257
299335
299289
299878
300074
299230
300182
299602
300462
161093
300085
299729
299733
181672
111576
300583
299883
300748
300669
300539
300459
300706
301112
301175
90779
301055
301047
288695
301757
301814
301495
301764
301836
301198
299760
301491
302190
302377
302244
130743
302458
302602
175340
302740
302874
302965
63752
210433
19548
28292
31224
39151
42250
60205
53153
289357
105933
136899
144705
59890
53400
167509
140497
91403
261879
96597
139481
142937
36386
244272
162736
225253
170349
102667
75767
62785
48083
303196
303200
303255
302949
302712
303337
303699
303470
302963
304197
197052
303935
297003
304299
304538
304888
304754
305277
305303
305326
109569
305431
305451
305541
305571
305661
239627
136946
213779
203916
182953
108652
77482
73327
33162
306073
306140
306256
306400
304627
305829
306218
306115
306643
306794
307293
307403
189683
307602
307620
307735
308017
308090
308152
308303
308614
296842
308716
71889
308824
308927
309042
188279
309081
308824
308794
309243
309346
309689
309574
310073
310143
310163
309971
283826
310262
134597
309513
269950
60087
310416
310641
310747
194350
310508
310436
310814
73055
107659
311178
311242
311215
311150
311433
311550
311445
311323
311800
311859
311866
311907
310794
312048
96642
312183
312003
312278
308602
312470
312440
312499
232925
312936
312944
313252
313286
313380
313664
313779
313833
313379
314129
302505
303484
314408
314465
314475
314290
314808
314923
314936
314936
314831
315021
249217
315194
315187
314460
315254
315310
315096
315382
315497
314259
315328
315388
315011
315488
315264
315206
315228
315710
315791
315805
315972
316042
316146
310537
312184
316149
77126
145276
316298
315767
316847
168075
314181
316916
316606
316634
316589
316672
317078
317092
317179
317118
316656
316725
317143
317411
317426
317333
317312
305476
307605
308299
317518
317579
317631
317701
317570
317854
317655
318018
318042
318046
318049
317889
317665
318277
318304
318455
318438
318743
240200
318730
318693
318921
248108
318848
319001
319010
319028
319084
319073
319011
318599
319385
319161
319292
319233
318875
318522
319088
37048
319005
319262
320351
320422
320505
222312
158331
320033
320656
320700
320829
320592
55547
320899
321014
321091
321070
321212
321216
320888
321406
321301
321655
321631
321478
320459
321874
321192
321687
306616
259052
75961
321834
322043
322121
322105
322245
322307
322050
321946
322363
321988
322753
322693
322796
322946
322997
323175
323196
322804
322970
322970
322970
322889
323415
323557
323808
323923
323477
323699
323579
322955
323998
232919
323324
324236
324709
324387
324389
323007
324813
324911
207792
324954
318053
324971
325062
99885
274805
98169
324832
134798
319433
325231
325419
325510
325667
325679
325641
42010
325956
325897
326030
189601
319891
326383
326561
326707
326895
327029
318117
326942
327074
326655
327299
327402
174166
327413
327569
327607
327375
327820
327929
328001
327891
323800
168884
328386
328096
328704
215281
329099
329185
328912
329337
329595
329558
329388
329868
197765
329905
328519
330071
330099
329291
330201
330189
330261
330257
330373
237143
193810
136482
69277
126509
299828
61417
141310
129183
330489
