286726 70480
114699 23519
105686 23479
229390 62525
196633 94
294939 104146
271706 246163
163878 218154
229417 8248
49199 27086
262192 185736
229433 57414
106555 13840
188476 254
237629 21145
204865 79972
180290 179549
16451 46
139345 25168
214371 185106
73813 46
106586 45990
245852 27599
94 3075
303200 301656
24675 4714
213092 194502
278629 232533
114792 917
90227 31587
24693 19662
237687 71693
106620 5049
254078 210793
262274 6325
262275 223372
41093 40545
147592 35717
311433 3864
204944 204624
278678 238702
303255 241462
152 3526
41116 24095
64268 2733
286879 119628
41122 5991
311323 156058
188585 73529
172205 87436
278708 240362
155829 152421
57527 37157
147642 1093
25973 21519
270530 149715
278728 12238
131273 66722
213195 165810
237773 237774
286931 245543
106712 13086
4132 1611
278750 218343
82143 102692
105168 453
188650 50515
217127 217153
221421 189134
309971 35731
73972 16306
57592 10067
286969 9120
90362 90311
311550 14013
221449 97852
155922 134915
253999 134247
95622 95171
114985 97350
213291 19482
295212 56540
254253 125011
42564 4044
229684 37512
221494 1585
164155 34223
328001 13380
188746 28313
195299 8077
155989 100360
262486 59264
49499 36751
33117 21390
172382 66948
254305 252582
106851 60810
90471 84704
139624 99290
115053 88548
172398 17309
127037 73912
237937 237935
303484 135214
57725 57782
156031 47337
106882 96590
57736 25765
106893 68915
319891 47064
262552 13024
262553 247174
74141 73981
188830 188832
82335 256782
287136 118956
278951 278369
428 28582
113394 27060
90545 50789
193690 113103
74167 7739
156089 5039
197052 219683
123326 107405
213441 213443
254408 1331
270801 270784
278994 1585
79267 33886
188889 6810
172506 55147
57824 1430
213473 36
162556 82896
181672 67870
139763 13493
311800 199956
176212 167509
147966 137738
87467 66722
238084 10790
139783 106540
54700 34106
90636 25168
229907 168600
164372 37042
238101 51984
139799 15337
25112 15037
91568 55218
262236 37751
25131 20127
287277 174945
311866 27086
279621 222321
278240 67207
131654 131522
74311 63995
287304 18729
270921 26862
270435 183201
187967 16007
195343 4150
164444 19047
131679 102692
107109 88988
198606 198240
288188 34327
221806 53076
147560 94083
221814 127037
200809 11111
98936 6033
230011 204611
148096 34704
238209 34704
8839 8054
221832 34704
230027 6810
213650 94229
164507 21067
185797 135719
187151 51529
189092 121199
325062 66948
123560 122435
139947 3804
155763 155198
262838 262830
56096 42991
172738 36920
312003 148423
115397 62878
200823 132428
238284 100360
74445 18730
213711 5039
232227 187025
221909 22064
99039 22569
25313 5315
41705 10295
140016 139904
262897 6391
115445 1227
140022 81367
115448 109938
123642 117162
254728 134066
198103 188615
156435 111488
107284 32859
262934 52818
213787 72244
213790 73965
245893 226278
164640 37959
221986 221954
89772 72221
197414 69751
205607 66722
123691 123698
287534 17764
9013 3864
262971 262823
262975 6391
295745 291978
33604 14996
238405 107665
115526 14424
140103 1585
25418 21950
205644 45310
197456 171567
213841 102651
25436 20646
19258 1979
320351 107879
312183 110031
271226 45130
123773 21608
238462 200782
218604 5039
241815 223718
279438 223584
123792 123703
230296 37117
199492 137741
246687 239161
148385 112401
96323 13493
91049 87398
197547 12778
118941 90486
192988 15522
107700 30850
295071 70156
238527 63605
107458 28357
287683 285095
25543 5939
138060 117130
320459 52275
115662 96092
140240 45148
50138 7964
287709 273420
28948 4927
74731 40294
181236 157063
263158 254737
99321 99146
120319 30544
140287 5039
151723 63995
205829 144931
140303 44781
156691 254
181268 159879
148503 87441
189469 175286
74786 19762
37041 91046
189480 44518
205866 27060
230443 72546
82989 987
148526 31647
222261 222256
197692 159498
204981 81476
179040 169029
148548 1585
132165 17880
123980 50789
173133 144387
320592 286206
107601 31224
189522 179004
107604 15770
279639 150304
222312 25451
279659 90549
222321 129852
164983 56540
312440 200244
197765 49382
58506 58497
320656 52740
181394 6675
312470 41623
238745 214675
271514 237198
246941 145167
296095 284342
189601 41786
66722 155458
238755 127929
246948 27463
107686 61487
271530 90196
287916 212574
197807 197806
312499 35731
74932 1435
206008 206003
230587 58263
320700 122911
230590 32164
107713 102187
58562 17780
74951 7964
39867 30587
66768 60073
140497 303136
296153 282382
132314 95760
263393 71132
300583 1979
197868 34749
148719 95685
165111 30309
181500 153
48727 35144
238852 27086
181510 76388
255242 86462
91403 303136
278744 127494
247063 111674
147073 119594
203652 203216
124192 22569
197923 375
263466 245718
165174 28546
214331 13107
304197 304164
83293 74835
247135 1593
140641 82521
140643 6607
271727 271719
107893 19662
320888 120458
238972 220247
146326 146318
189832 158331
329099 321215
107920 107930
116115 32728
304538 137714
50590 49652
230830 37815
42425 1298
206266 94603
107963 98179
26044 24728
140740 131005
192758 22514
214470 3526
140744 39532
157133 37726
99797 1979
327929 289766
288223 62525
108005 6801
280038 266067
181739 113430
120579 117443
296432 192437
271858 13653
304627 8248
146262 56540
198145 29701
132614 6338
296455 38687
206346 186985
140815 24803
247312 172257
280085 100360
230934 67133
124442 37512
271903 194378
252848 34749
173603 62598
296484 174186
239146 194378
191412 22595
108091 54392
286986 50680
149064 51327
140873 117419
67150 44748
296531 231590
165460 43149
102670 102664
140890 4549
263775 263767
181859 80465
239208 239126
312936 312868
312944 53789
91752 25451
304754 8248
280184 238446
329337 34749
263808 27086
59011 41595
173701 1191
272008 272000
132746 82143
222859 206019
214669 30345
280208 176978
278808 7479
75418 75384
202351 202074
296609 146852
157346 155181
321192 158964
62251 4678
261063 261093
329388 309527
173745 27086
198322 24693
101805 51984
321212 6974
18109 7739
124607 2476
321216 321229
18119 14832
116425 22569
272075 178028
116430 71652
214739 6778
206457 103533
239326 85598
157408 31468
261072 185667
296675 2733
281553 45960
116456 101453
59115 25451
18161 9118
304888 62058
190202 106434
231163 122199
305303 305300
214784 101362
165640 25092
288525 268529
157457 492
157460 155271
60378 44808
173858 165364
239396 127929
247592 207850
66347 63081
75562 16348
149296 8248
263989 248943
26427 6974
91964 54684
42816 17129
288581 5989
247629 91881
264016 261296
231253 62193
255834 255838
255835 31824
51043 46050
223083 214444
117736 40787
35525 561
75636 41950
239477 50680
214903 21315
329595 114869
321406 321407
59264 1986
108417 99619
124802 49245
157571 91178
317078 349
296842 188632
214928 203943
272276 267463
133015 60089
247711 111730
112724 10721
313252 88509
100261 95252
190383 117419
10172 3864
149443 144402
313286 7820
92103 89309
231368 165810
182218 15254
214988 24624
272333 272153
100302 1241
223184 222912
272337 145696
276132 254525
124896 54385
165858 119923
210598 51863
141286 100360
215017 142494
223213 54370
223216 171195
215026 214890
255990 230582
75767 303136
92158 36
153099 34749
280577 188632
215042 210486
140972 36547
165898 165889
43021 42873
157713 23769
288791 150574
198681 198274
215070 89744
313379 6810
313380 19126
67627 62598
92205 22996
124983 107879
198721 198716
116805 63017
124998 119399
280647 73912
23855 23535
116818 22569
174166 87441
141401 120481
321631 13332
247905 23922
75875 75874
297060 14974
297064 16007
108652 303136
215152 66714
112731 15522
264314 169589
305277 54056
215173 145130
329868 117419
92302 82308
116880 85410
239764 239901
108693 98880
100502 8654
239768 144411
256153 104771
125082 99039
280746 231977
247979 239268
26798 8077
223407 73326
198838 93437
173769 150607
274805 66948
248003 50680
198857 189691
149716 201
272598 24624
166105 61865
92388 45580
146560 113621
256237 227056
157947 157924
321687 66986
182528 75177
242048 242029
76034 29060
272647 150027
26895 63995
16273 2
207121 117795
166163 42386
84244 79566
305431 78761
239897 193000
125210 60760
190756 188261
198952 196524
161500 11111
321834 13291
305451 64072
297260 253195
125235 2
182585 125636
231738 136856
176522 18232
166206 215409
215360 76916
231750 161065
182599 182600
125256 87364
248138 103572
240946 183105
51537 50841
76114 27086
108883 63995
256340 73444
207191 111910
223578 5792
174432 21067
109628 28426
190827 172043
125293 66176
199023 9164
330099 92099
190836 48939
190838 147465
108919 7425
100729 37013
190845 9034
96373 80843
272769 203947
305541 73255
84360 45650
125321 4678
256394 256299
108939 26824
182674 2403
141716 67870
117145 987
18847 2
125344 42537
305571 305303
141734 141730
35243 11111
151965 95238
313779 8593
248245 242515
174521 22569
92602 92597
108993 12838
68035 34244
264649 264613
330189 11160
190931 1585
199125 146700
223703 214221
117209 8654
97359 36
182751 57085
87803 5246
199141 144019
297446 149549
166993 112401
313833 79528
35307 2699
125420 6675
116477 116430
117232 38919
199153 42682
59890 303136
215545 215541
125435 10470
305661 8248
100864 6801
174602 88679
199179 103257
281100 98669
272913 31186
166418 66171
68115 22569
330261 311569
209310 60554
158232 25132
259844 227301
264737 230984
256547 11735
250289 145420
19548 303136
166446 134783
68144 68122
223793 23498
207412 6850
188034 160455
322105 8248
10810 44608
150078 150005
231999 217960
10820 8248
191046 105263
298081 294685
322121 841
191051 188483
133708 14403
19023 13683
23651 1589
281172 189008
191064 45868
186128 143658
141930 50138
60012 14403
117360 8770
158331 25451
158334 158162
141951 25005
167019 166317
125572 6338
43654 31224
248457 237863
92810 92804
207502 72244
215702 49705
235289 209023
199791 108088
150174 6241
256673 213825
305829 85369
182953 303136
248493 199821
76464 16943
210718 118766
117434 104771
158398 94170
63650 6831
19145 57016
141090 30060
84686 84785
303699 303683
177956 43588
141095 91874
84718 50130
188313 188312
207601 211912
256755 51984
48254 48182
330489 311655
281340 132280
124714 120664
269440 63995
322307 45960
232207 47177
27414 63995
43804 10838
256797 25544
166691 141961
289573 279497
258524 241157
60205 303136
232238 18764
52016 5631
109361 94165
142138 142048
125755 5315
206645 206570
297796 293932
262325 66454
158537 6801
52044 38744
256845 239301
109393 22536
174931 87185
93017 57239
105615 94237
256868 252277
142181 117419
43878 42329
56465 39480
199528 55989
109417 10801
35704 3004
224121 187695
183162 6810
273278 160137
235328 231854
281476 277176
256901 251857
101259 50413
93069 253
207759 207754
158609 14465
256917 197786
175257 33886
207768 11561
306073 100360
101286 60434
68521 67604
314290 293932
52150 3804
52156 160318
306115 235519
297924 98075
207817 96898
164344 85164
84946 78765
273365 167115
125912 21541
117722 117426
306140 300098
52190 4685
114299 47524
27616 13493
84967 3526
133492 4549
175087 173156
281586 281587
109559 5229
5972 3927
109569 40545
297990 917
142343 71105
207882 207851
158893 138341
248852 86824
125974 118651
248856 137198
125977 175684
19482 9819
109598 47842
124763 57705
146722 70292
257065 240122
188935 32605
257070 100360
191540 137944
35897 18428
224317 152951
3141 1498
248902 95685
142408 42843
184845 12358
306256 269600
257105 2100
265303 124560
150618 150532
224348 224224
314465 18109
232546 4162
134246 47842
25826 13493
240744 42386
175210 6668
314475 314156
265331 243800
281717 146809
142457 15884
134267 20059
75626 75624
216190 11561
208001 254
208002 72280
92011 12358
322693 20512
109702 32006
191628 886
117902 13291
175250 171198
126101 19974
232598 139702
126105 84775
273562 4678
167080 30052
249005 189768
187592 187547
289974 272141
150717 125636
232645 231075
109766 52001
240839 11160
208078 183105
194876 107930
244943 165626
108410 108121
44255 31807
306400 16530
158949 142102
101606 1227
232680 232672
231292 105032
175340 12778
265454 133181
101618 82411
322804 207083
11516 30704
208128 207926
79744 349
107051 56540
216330 216181
150797 147984
175376 17480
3345 100360
19730 1298
93467 13493
36125 14403
265509 89191
257322 255
52525 35145
183599 134247
199987 175205
93494 17880
249147 137351
257341 83776
109886 20526
109887 25808
249153 163016
183627 1206
118093 64171
63126 3804
208209 102729
60760 39571
16954 254
108432 45130
21051 19642
257395 84284
273781 75003
165780 124607
290174 281262
219029 59143
241024 240985
52609 4526
68994 8702
93574 47337
175497 61703
101778 254
102979 44849
249241 99580
134554 124399
118173 98179
208286 103565
200100 199875
216485 216181
282023 75177
3497 568
221767 8297
282028 70149
134573 81697
44463 8047
101813 100006
314808 229442
158964 19423
232890 22569
116639 5809
118207 17880
101826 101813
134597 99286
257481 257449
118219 32728
200147 192595
36311 32372
265689 151662
175581 37687
167392 30173
200165 20099
118252 56865
184914 147109
200178 73912
265715 231565
249335 133529
110072 19662
28156 12869
191999 5631
200192 72244
19974 11561
208392 208403
134667 50633
66454 19232
176729 25092
290336 168083
183846 29232
241193 178624
126509 23613
216622 125636
282161 88660
216628 886
52792 3526
261386 67536
85570 85315
200265 180827
110161 50501
159314 113733
167509 303136
167511 100360
298587 100360
142940 97879
282207 145009
200290 58617
93799 93621
281907 22569
306794 78761
207983 207218
61036 8248
290415 100360
183921 115438
44658 23646
298611 272141
200312 195064
315011 6801
102020 55731
3718 87299
315021 314997
134798 40385
183954 17827
36499 3804
296366 27086
224920 2
241305 165937
208538 188649
110237 41017
11934 13493
113602 2053
93858 4287
159396 13493
321478 243315
110248 94436
77482 303136
28336 100360
192180 12869
241333 89413
200374 159498
110265 85228
89375 89371
241341 130125
153548 1900
298701 6668
110286 43588
44755 44764
272334 170676
162705 37737
12008 94
86652 1549
12013 932
249584 236690
216823 149190
323324 323315
216833 113430
102147 45397
85765 85764
184071 28023
267296 230139
184082 76951
143127 115692
290586 224906
151323 150920
118564 22569
216870 106434
257831 248470
126761 117801
29378 89044
199986 12838
200498 66722
315187 58602
315194 314831
69435 4549
298813 100360
241655 30850
17588 7739
118599 38101
126794 17670
241483 195509
20302 9118
3924 893
102229 78493
323415 110031
102236 47900
94047 89483
20324 90
51174 1312
266091 30123
135030 132719
282488 119399
216383 78761
151421 144887
282496 282488
61316 60829
28555 27060
274316 5784
280557 78761
36752 1
290709 222912
53144 5039
69530 26689
298908 158908
20384 14424
53153 303136
90779 22570
192420 172533
28582 428
186353 125990
192425 47356
20398 5184
225203 222321
110526 31135
241599 241604
249163 69751
225222 56540
303196 6810
110549 1585
233435 105048
249823 80092
217056 212050
290787 50413
201176 146710
225253 303136
184295 103071
69608 29060
61417 60328
217067 217061
282605 24089
192499 42776
141310 141317
315382 69514
167927 95685
36856 4939
192505 177773
323579 6810
315388 315171
143357 25451
28678 11008
225288 73912
266253 12626
151568 151217
282645 125069
208919 11489
176158 157266
225311 111311
102436 102443
274471 100360
208938 95685
102443 102436
135212 107879
20525 9118
217144 216623
135226 117507
102459 102447
176189 71709
167999 2100
47330 16830
32327 33496
282706 256357
299092 283874
184405 117419
168022 39245
290906 68452
61531 36862
45148 27060
315488 14116
143458 22569
217187 181627
274537 1585
184430 135501
143473 2186
323699 78350
209015 64171
159866 29922
127099 17880
217216 33588
176265 127
241804 241815
66242 39399
225423 225310
94357 49434
53400 303136
250010 16889
61596 131670
299165 14795
28831 5822
225460 134033
151716 15254
86191 100360
282801 86042
225459 190993
241845 18232
37048 37687
282809 178375
45245 5989
258238 170823
220533 22997
151752 96590
12489 4387
307403 173281
200910 73754
146808 166709
274644 37726
323800 114869
246479 240946
299230 29844
250081 249750
225506 178316
217316 93352
233701 225550
193233 190537
225512 36227
94443 94419
303470 289094
291062 111631
299257 52001
184570 8223
125079 78408
268330 214233
209151 161389
114048 67582
198699 8077
127236 76701
249217 152154
102667 303136
176398 35108
282899 282891
274708 274694
184597 130125
168171 146858
274724 3526
274728 233719
241969 108237
125081 118885
78137 77670
315710 35636
266563 266556
299335 263316
258381 127519
176465 127356
53592 20631
274781 274782
233833 39886
274794 243325
44434 35933
225646 158964
209264 30052
86760 86768
245139 242535
315767 315705
119160 56855
29057 6778
160133 157646
119177 54370
61834 61832
201099 114869
53645 32372
315791 254
291219 272659
135575 48061
111002 111001
45467 53600
315805 285489
323998 99643
271088 68054
307620 68345
209320 209310
151981 16672
250288 159879
242097 1238
291571 10721
291269 290853
283080 180822
12752 253
225752 195760
201178 107679
291292 291286
209380 207534
192997 183201
256082 124607
258542 9081
61935 3804
201205 201186
217590 201478
127485 40749
45569 39976
160264 8326
102927 231075
291346 291344
176660 143888
307735 77782
29445 11008
266787 237396
271112 185481
322997 252236
266816 52967
193089 144366
135746 88816
291395 64417
315972 44284
21061 1627
217670 143983
176711 5039
266824 184004
291406 234078
143951 15442
141411 138262
291416 86462
275033 6675
12890 6107
283227 100360
209502 60057
275041 273756
201314 201202
225892 1900
288870 21858
70246 8248
234093 227865
193134 167131
213779 303136
283253 183870
217718 208506
217720 43252
74516 13201
119420 73528
21269 2119
201348 15420
316042 206164
324236 117742
152208 19662
111251 94264
225943 12838
209562 170983
275101 22535
208325 24624
86696 79838
209590 38256
217789 43846
129141 86999
185026 92224
258755 169029
21189 1153
291526 94106
256030 13493
291531 29796
228813 15254
40458 36546
78547 22124
299733 298508
28292 303136
250583 249275
258780 34749
295857 295525
217829 34749
291559 71018
250600 242423
275178 86952
226027 191120
70383 39869
316146 34749
306643 41394
94965 8702
185079 22766
97748 87188
200762 192420
193276 34749
250625 247411
283397 23479
193296 5039
86803 16792
54036 49250
13078 13018
291607 71132
160559 74648
111390 46690
103200 39480
324389 14116
127782 60554
111409 92224
275243 275236
19933 1477
299828 299872
54069 15254
258879 258883
185155 22569
242502 61206
267081 197550
201546 201550
217932 149569
201550 201546
134919 68904
153742 56540
242518 134359
235576 235497
193368 124239
103257 99988
217950 12838
136032 28568
168801 11111
160613 29060
111463 1378
111464 74835
267114 120315
267126 213690
275319 99286
209784 71325
152446 104382
136065 60931
275330 235264
136068 102747
84119 6325
21390 7423
212461 2100
209808 160530
95121 31468
26777 90
45991 24000
234409 234314
5037 25312
62384 10820
21427 21391
62390 45310
308152 83684
194719 194522
54210 6810
111555 67321
78792 35518
209866 42537
234443 5155
193484 16530
268450 17504
54229 5184
111576 182553
113101 2
103390 83226
160736 8926
267235 256762
226278 245893
259047 225373
77308 26368
226283 190134
259052 5664
103419 78493
21500 5939
275458 274734
65025 64526
144393 49705
185357 117419
185364 107679
218143 201
209952 2119
226337 225907
111652 23969
21541 125222
329905 100360
111660 2
160817 88679
300085 55502
302602 12786
70718 65430
275519 107360
193602 174885
291681 1117
267336 267306
103498 2682
70735 36340
87124 66948
75961 209231
259161 122199
217957 186134
128098 9946
324709 284388
67551 55860
234614 174652
243903 201
226429 7184
106005 36386
144520 22569
234635 132154
185492 38382
78997 62251
300182 943
275610 103565
291997 34749
267422 267420
260956 255
210089 135423
316589 250868
119988 111675
87222 85946
242872 242130
201913 68459
245279 128590
316606 71736
210111 63672
128195 13803
136397 12838
29908 2476
38109 20457
193758 125636
259298 230060
292068 260646
112849 112901
139481 303136
161007 29432
267507 375
54516 4387
87285 14894
185590 79187
152826 120078
185596 53628
174214 174218
316672 30452
201990 158561
185613 255
144659 1206
95516 41595
120096 71018
103713 36605
136482 222503
111910 111160
79146 28592
144684 100249
324911 51724
193840 34417
169268 139390
316725 13493
62785 303136
209859 9916
202053 175753
111943 50413
144713 144563
144717 14403
87375 81280
314936 4307
259410 221023
193876 102692
122425 66948
324954 323933
292189 161539
271055 270989
177503 100360
241720 235297
324971 226605
275829 79380
128376 126121
308602 308451
226683 16306
62846 59067
79234 13493
267653 198714
308614 100360
243079 65840
25495 24965
202124 46574
226701 86115
21903 21859
235759 224161
202140 202134
179675 4287
267686 266990
103849 65658
193964 192735
316847 250253
57048 55975
218550 2476
275895 8248
284094 10564
136646 54814
95692 96590
62927 24624
185816 53054
259555 69601
103909 97261
308716 308327
208466 30733
103922 93076
316916 100360
210424 5039
233689 100360
300539 119044
54781 44782
103934 67536
243199 154957
210433 303136
213931 213611
161285 61487
194054 8654
284172 59156
157954 3804
258989 184932
136726 131670
120350 119594
243232 166558
209840 29450
229165 229170
210473 3526
249512 205934
87597 138893
235054 231680
251440 19453
258995 41394
210486 128786
309513 72280
30264 66722
235069 166469
292414 100360
128577 6810
202312 190827
235095 15254
308824 115692
239887 32605
79465 79050
323175 317916
13933 1377
325231 76759
243315 57724
259703 61185
202361 22569
104060 103419
120456 2
161417 14403
120458 349
46018 43196
251542 1193
224147 43132
300706 301029
317092 295497
128680 128259
226988 9916
292525 63432
202420 190836
210616 176446
292540 173666
267210 128590
317118 1967
308927 54549
140357 36386
145090 6675
136899 303136
194244 17670
257656 258398
235218 131850
317143 251389
164410 47613
71397 70204
184596 147109
104168 100046
145130 105542
169711 34811
136946 303136
259827 237198
202485 6801
161528 134519
72483 53968
292607 31457
120577 66948
259843 162058
262340 219221
276230 190619
153351 152626
248108 214675
55050 29290
284428 284375
112397 2733
259854 2100
257668 117419
218906 41326
153371 18988
99290 18260
268062 87641
210720 88005
14116 656
161573 136899
235305 48362
46890 19393
259883 166755
194350 5039
309042 12022
256307 256193
268086 211875
218940 192876
292672 286285
96068 62666
145221 115147
243528 243499
251732 168809
141625 130789
38744 52044
309081 72280
235355 12358
218974 218962
235363 235338
79721 78408
104299 85946
202606 13201
259951 22766
63350 243460
242665 156094
145272 117155
145276 98507
257434 257443
313664 47784
276358 144684
161694 159879
137120 39988
79777 53670
55203 2119
79781 21228
178086 22921
186281 107679
38828 28310
137135 28568
260023 236801
178107 88220
276420 63930
251847 128786
112584 50935
55244 5011
47053 46115
145362 98183
251859 14403
284628 17911
235483 235461
14301 2186
158033 102063
87494 6675
63465 49245
284653 41896
178160 135470
208552 59143
317426 251716
227315 173300
301047 268487
30712 153
309243 233348
96253 46134
301055 181983
328704 8141
254977 45960
325641 282891
264531 245535
330071 108045
292885 2119
55318 5035
170012 167888
161823 34742
243745 239340
325667 273023
284708 16007
317179 8297
292904 1585
161834 60931
325679 42967
153649 153647
301112 81976
153658 174218
120897 19762
120899 119719
30790 16830
317518 72221
292945 13024
145492 6810
209934 201138
44729 44318
96344 8248
271626 155167
129115 54056
88158 73052
202847 49897
153700 27086
194676 194522
55413 210793
301175 190619
228359 21706
178299 86593
104577 53144
268420 61149
153735 153761
301198 250970
168516 191585
120983 96683
186521 30801
289359 100360
88220 66948
14494 13493
129183 129153
186530 37687
235047 161629
80041 41506
227499 212250
145584 11160
153781 146858
243897 238617
179127 65840
317631 284342
104641 10721
145602 145600
252102 27507
170192 95491
328096 327845
96470 73529
317655 34388
162014 17129
317665 306120
252131 128786
63719 2
235753 45130
260334 260347
39151 303136
96506 34417
55547 1585
181291 160032
317701 14057
88326 7964
106199 87737
222253 222097
178449 112053
63763 1549
96532 96534
121109 19662
80156 25544
96552 68115
96559 27720
314460 102651
137526 30801
145721 145714
22843 18109
202074 155264
47422 6675
325956 32164
276805 148619
235849 144539
104779 76897
22863 21779
194897 140972
96597 303136
72024 4443
145755 56540
121182 121160
129375 568
194913 64044
276848 13493
155430 137512
178557 14709
293246 97370
211336 15420
203148 155630
326030 91178
162191 160866
129432 28357
317854 183543
63914 35518
88491 74564
301491 255
22965 21779
301495 185989
235961 109733
6587 2103
162240 117419
260545 201371
252357 48361
203206 196524
203211 69326
63949 56540
121296 107412
117155 47171
211412 32355
63632 56540
308303 284342
268767 232241
263248 25678
39395 2
23012 7173
47591 44318
47593 62193
244202 12358
137708 14832
188168 2
49049 48505
260593 131670
230484 254
244218 209023
276989 126173
137727 2
113153 62193
186883 14450
285199 195387
14864 13165
110339 86753
195092 195087
219670 214390
195096 15420
129561 71863
274096 260366
121373 30725
88612 88628
285221 285167
244262 134864
113197 105022
244272 303136
170545 331
162362 66470
195132 66988
96830 68115
277057 197864
318018 26593
285251 225315
234594 70480
113237 113086
195158 155373
309689 307643
154200 82677
88668 88672
281018 269705
318049 289766
318053 106181
80493 1585
162418 87441
105081 105072
244347 242512
113278 113724
285311 261792
14979 1603
270281 55718
113302 113300
188185 46845
162456 11874
277146 150679
31388 349
285125 215173
187045 95545
219814 209556
203431 144170
252597 27086
260791 257212
301757 11160
72382 7547
279669 41724
260802 255
301764 61481
187082 136298
137931 104118
195279 192235
195280 243044
176446 100013
105174 87187
137943 22595
195296 195162
236259 1585
15081 658
274215 180722
137965 2598
326383 261879
285424 283253
219603 110944
80632 80461
293625 29611
211708 211703
154069 48668
327569 327563
252673 249641
269059 102651
252678 5268
301836 279979
252687 5039
97041 41236
236309 79267
330201 305664
260888 28172
169629 89483
244188 209023
170798 95685
72499 1585
252727 10721
269114 193586
223711 134685
287472 47137
72512 7547
203586 88686
228166 228128
127349 111631
113480 113478
252746 252739
97100 45148
277328 176306
64338 19452
236374 17333
187223 177427
236376 174652
29234 255
146271 146268
88936 38979
203625 147282
260978 260976
163647 23755
310143 93076
220035 107700
277380 100360
154501 27060
187271 55218
170888 170827
121737 114360
64395 63799
154509 81027
154510 146858
138128 115907
146321 10035
310163 195055
121749 17670
113558 113554
121752 18967
252827 251399
228252 56540
113565 14403
293791 165634
72611 6675
179108 5039
234283 103071
225095 217649
162736 303136
146363 11561
72642 11015
154563 5039
39886 6801
293840 283727
48083 303136
138199 14403
105435 4549
252896 5011
322043 171590
121828 189671
74918 17670
318438 299565
267880 181855
277483 250435
310262 16007
220152 6810
326655 568
277510 277511
277511 277510
269320 245390
220171 2119
285708 100360
105485 45130
247380 94229
154643 62251
42250 303136
269338 153732
195614 150095
171045 171053
315228 315174
195629 183787
326707 79822
179256 886
197812 197806
318522 247312
179259 2528
203840 26862
56386 34749
236621 8483
253006 202686
138319 45130
212051 14118
72790 2
232925 30874
293979 293968
202919 27086
203870 37687
96784 61921
197819 30530
138341 40708
92689 111302
146536 113878
302190 103419
236657 236653
178915 37687
228478 47613
220288 26862
56451 28357
268822 99548
155729 136646
318599 216207
220297 52700
219358 8248
203916 303136
228495 59738
294033 187666
195730 139416
246566 63949
97435 56205
171165 6801
187551 187557
48294 24624
162989 5039
48303 25509
179378 46123
261302 30850
244924 207852
105662 99694
269504 268523
48323 6538
315254 297525
203974 47613
212168 21164
228553 86593
236752 232636
203985 35731
106443 65025
146646 24624
98169 69326
122074 52654
97499 16273
179421 179353
328912 111910
195812 195776
163049 792
310508 67536
171248 171590
138481 4685
294142 43270
23807 12869
81809 75937
315264 315242
72968 63736
310537 25451
146700 21067
171280 91874
163093 56603
318743 32367
236824 48939
266211 228801
294178 288554
204074 46264
261422 241157
269615 151989
204082 16493
113978 56540
286602 54989
97604 90545
212295 212296
277833 84892
229387 209541
286035 242229
219705 219516
154974 65430
253281 56205
318042 1900
195943 79347
204141 4549
61753 8077
277874 75352
245112 244979
302458 100360
195965 56855
228734 228426
323477 237137
318848 8248
81281 81268
253314 33928
23939 775
23940 4091
277899 230895
81292 47429
293443 105919
187797 148188
261527 117162
318875 22569
187806 167479
23969 8453
327074 274221
269732 35108
187816 58788
302505 135214
138673 71341
189683 131156
163253 14424
269760 78016
40385 3365
7622 3864
187847 70347
105933 73327
196051 139968
316149 316012
81366 71630
105944 87467
53156 53172
269786 122625
310747 260395
114146 2347
151462 25538
205660 470
212457 51519
277997 277752
277998 12838
241577 195509
187896 75045
89593 89579
245242 122506
188330 65655
269823 86222
212481 22569
196107 81671
293464 253579
283907 284051
97814 1241
204312 37656
319001 135110
48666 48637
228891 228814
319005 223664
310814 310779
179744 29412
221104 77457
319010 242929
89638 16120
106024 1206
48690 48557
319028 53029
97852 6801
312048 6391
147007 49199
196161 99274
189707 25579
89668 100360
163397 30312
122438 6538
196167 55147
269896 19094
97874 27086
179795 1585
286292 285765
237143 237248
253532 32164
319073 59724
32355 31171
261734 183900
319084 48129
262676 59405
73327 303136
20414 20384
302712 122084
220794 220897
269950 16007
155264 4678
286338 209033
327299 239301
220823 5792
97944 15254
155293 115876
264816 2347
269987 269769
212648 103565
249799 80092
204468 200556
208784 13258
130743 73638
268407 29796
270282 121785
188099 12626
87329 135
325419 85458
327375 6607
48854 41496
261847 241178
229080 128259
245468 245475
69277 69293
155361 120078
253669 138319
155366 137817
327402 289054
321874 58765
211581 177427
278258 77326
327413 95425
65274 119043
103103 75083
106240 34320
245523 80060
261908 171590
188181 56205
98071 2733
133764 119855
7964 27086
319262 19326
133656 58263
163623 30264
171817 23370
261930 129969
286509 280491
261941 100360
227221 202414
319292 188311
265138 115348
106310 6801
164209 121995
151523 1
40793 25451
204640 37815
302949 237813
315497 315346
274407 55675
311150 56589
302965 280557
188279 35830
237433 235519
147322 5039
188290 46845
122755 14795
144705 303136
311178 15887
188301 145928
16270 13912
106387 2347
188312 188313
319385 56540
161093 100360
245665 140997
180137 14835
278442 169973
245680 21634
237489 220914
297003 284110
235300 118233
245691 245693
114625 37777
319433 318055
57291 43252
261051 47554
251231 14424
139222 1191
120143 12869
318117 45320
122856 95685
81902 1435
229359 190351
8177 656
65523 19393
218452 63799
153739 102651
122877 122757
221182 51984
136533 1138
